1000
3

1 333
0
1
2
3
4
5
6
7
8
9
10
11
12
13
14
15
16
17
18
19
20
21
22
23
24
25
26
27
28
29
30
31
32
33
34
35
36
37
38
39
40
41
42
43
44
45
46
47
48
49
50
51
52
53
54
55
56
57
58
59
60
61
62
63
64
65
66
67
68
69
70
71
72
73
74
75
76
77
78
79
80
81
82
83
84
85
86
87
88
89
90
91
92
93
94
95
96
97
98
99
100
101
102
103
104
105
106
107
108
109
110
111
112
113
114
115
116
117
118
119
120
121
122
123
124
125
126
127
128
129
130
131
132
133
134
135
136
137
138
139
140
141
142
143
144
145
146
147
148
149
150
151
152
153
154
155
156
157
158
159
160
161
162
163
164
165
166
167
168
169
170
171
172
173
174
175
176
177
178
179
180
181
182
183
184
185
186
187
188
189
190
191
192
193
194
195
196
197
198
199
200
201
202
203
204
205
206
207
208
209
210
211
212
213
214
215
216
217
218
219
220
221
222
223
224
225
226
227
228
229
230
231
232
233
234
235
236
237
238
239
240
241
242
243
244
245
246
247
248
249
250
251
252
253
254
255
256
257
258
259
260
261
262
263
264
265
266
267
268
269
270
271
272
273
274
275
276
277
278
279
280
281
282
283
284
285
286
287
288
289
290
291
292
293
294
295
296
297
298
299
300
301
302
303
304
305
306
307
308
309
310
311
312
313
314
315
316
317
318
319
320
321
322
323
324
325
326
327
328
329
330
331
332

2 333
333
334
335
336
337
338
339
340
341
342
343
344
345
346
347
348
349
350
351
352
353
354
355
356
357
358
359
360
361
362
363
364
365
366
367
368
369
370
371
372
373
374
375
376
377
378
379
380
381
382
383
384
385
386
387
388
389
390
391
392
393
394
395
396
397
398
399
400
401
402
403
404
405
406
407
408
409
410
411
412
413
414
415
416
417
418
419
420
421
422
423
424
425
426
427
428
429
430
431
432
433
434
435
436
437
438
439
440
441
442
443
444
445
446
447
448
449
450
451
452
453
454
455
456
457
458
459
460
461
462
463
464
465
466
467
468
469
470
471
472
473
474
475
476
477
478
479
480
481
482
483
484
485
486
487
488
489
490
491
492
493
494
495
496
497
498
499
500
501
502
503
504
505
506
507
508
509
510
511
512
513
514
515
516
517
518
519
520
521
522
523
524
525
526
527
528
529
530
531
532
533
534
535
536
537
538
539
540
541
542
543
544
545
546
547
548
549
550
551
552
553
554
555
556
557
558
559
560
561
562
563
564
565
566
567
568
569
570
571
572
573
574
575
576
577
578
579
580
581
582
583
584
585
586
587
588
589
590
591
592
593
594
595
596
597
598
599
600
601
602
603
604
605
606
607
608
609
610
611
612
613
614
615
616
617
618
619
620
621
622
623
624
625
626
627
628
629
630
631
632
633
634
635
636
637
638
639
640
641
642
643
644
645
646
647
648
649
650
651
652
653
654
655
656
657
658
659
660
661
662
663
664
665

3 333
666
667
668
669
670
671
672
673
674
675
676
677
678
679
680
681
682
683
684
685
686
687
688
689
690
691
692
693
694
695
696
697
698
699
700
701
702
703
704
705
706
707
708
709
710
711
712
713
714
715
716
717
718
719
720
721
722
723
724
725
726
727
728
729
730
731
732
733
734
735
736
737
738
739
740
741
742
743
744
745
746
747
748
749
750
751
752
753
754
755
756
757
758
759
760
761
762
763
764
765
766
767
768
769
770
771
772
773
774
775
776
777
778
779
780
781
782
783
784
785
786
787
788
789
790
791
792
793
794
795
796
797
798
799
800
801
802
803
804
805
806
807
808
809
810
811
812
813
814
815
816
817
818
819
820
821
822
823
824
825
826
827
828
829
830
831
832
833
834
835
836
837
838
839
840
841
842
843
844
845
846
847
848
849
850
851
852
853
854
855
856
857
858
859
860
861
862
863
864
865
866
867
868
869
870
871
872
873
874
875
876
877
878
879
880
881
882
883
884
885
886
887
888
889
890
891
892
893
894
895
896
897
898
899
900
901
902
903
904
905
906
907
908
909
910
911
912
913
914
915
916
917
918
919
920
921
922
923
924
925
926
927
928
929
930
931
932
933
934
935
936
937
938
939
940
941
942
943
944
945
946
947
948
949
950
951
952
953
954
955
956
957
958
959
960
961
962
963
964
965
966
967
968
969
970
971
972
973
974
975
976
977
978
979
980
981
982
983
984
985
986
987
988
989
990
991
992
993
994
995
996
997
998

1 50
1949
1950
1951
1952
1953
1954
1955
1956
1957
1958
1959
1960
1961
1962
1963
1964
1965
1966
1967
1968
1969
1970
1971
1972
1973
1974
1975
1976
1977
1978
1979
1980
1981
1982
1983
1984
1985
1986
1987
1988
1989
1990
1991
1992
1993
1994
1995
1996
1997
1998

2 0

3 0


2 1 0 703 999 2
2 1 1 94 1000 2
2 1 2 991 1001 2
2 1 3 215 1002 2
2 1 4 112 1003 2
2 1 5 191 1004 2
2 1 6 982 1005 2
2 1 7 597 1006 2
2 1 8 636 1007 2
2 1 9 711 1008 2
2 1 10 49 1009 2
2 1 11 92 1010 2
2 1 12 911 1011 2
2 1 13 111 1012 2
2 1 14 174 1013 2
2 1 15 744 1014 2
2 1 16 820 1015 2
2 1 17 728 1016 2
2 1 18 929 1017 2
2 1 19 471 1018 2
2 1 20 295 1019 2
2 1 21 186 1020 2
2 1 22 341 1021 2
2 1 23 568 1022 2
2 1 24 834 1023 2
2 1 25 808 1024 2
2 1 26 405 1025 2
2 1 27 580 1026 2
2 1 28 312 1027 2
2 1 29 267 1028 2
2 1 30 250 1029 2
2 1 31 394 1030 2
2 1 32 87 1031 2
2 1 33 182 1032 2
2 1 34 426 1033 2
2 1 35 2 1034 2
2 1 36 67 1035 2
2 1 37 756 1036 2
2 1 38 950 1037 2
2 1 39 191 1038 2
2 1 40 712 1039 2
2 1 41 584 1040 2
2 1 42 4 1041 2
2 1 43 917 1042 2
2 1 44 190 1043 2
2 1 45 630 1044 2
2 1 46 435 1045 2
2 1 47 41 1046 2
2 1 48 169 1047 2
2 1 49 460 1048 2
2 1 50 602 1049 2
2 1 999 999 1050 2
2 1 1000 1000 1051 2
2 1 1001 1001 1052 2
2 1 1002 1002 1053 2
2 1 1003 1003 1054 2
2 1 1004 1004 1055 2
2 1 1005 1005 1056 2
2 1 1006 1006 1057 2
2 1 1007 1007 1058 2
2 1 1008 1008 1059 2
2 1 1009 1009 1060 2
2 1 1010 1010 1061 2
2 1 1011 1011 1062 2
2 1 1012 1012 1063 2
2 1 1013 1013 1064 2
2 1 1014 1014 1065 2
2 1 1015 1015 1066 2
2 1 1016 1016 1067 2
2 1 1017 1017 1068 2
2 1 1018 1018 1069 2
2 1 1019 1019 1070 2
2 1 1020 1020 1071 2
2 1 1021 1021 1072 2
2 1 1022 1022 1073 2
2 1 1023 1023 1074 2
2 1 1024 1024 1075 2
2 1 1025 1025 1076 2
2 1 1026 1026 1077 2
2 1 1027 1027 1078 2
2 1 1028 1028 1079 2
2 1 1029 1029 1080 2
2 1 1030 1030 1081 2
2 1 1031 1031 1082 2
2 1 1032 1032 1083 2
2 1 1033 1033 1084 2
2 1 1034 1034 1085 2
2 1 1035 1035 1086 2
2 1 1036 1036 1087 2
2 1 1037 1037 1088 2
2 1 1038 1038 1089 2
2 1 1039 1039 1090 2
2 1 1040 1040 1091 2
2 1 1041 1041 1092 2
2 1 1042 1042 1093 2
2 1 1043 1043 1094 2
2 1 1044 1044 1095 2
2 1 1045 1045 1096 2
2 1 1046 1046 1097 2
2 1 1047 1047 1098 2
2 1 1048 1048 1099 2
2 1 1049 1049 1100 2
2 1 1050 1050 1101 2
2 1 1051 1051 1102 2
2 1 1052 1052 1103 2
2 1 1053 1053 1104 2
2 1 1054 1054 1105 2
2 1 1055 1055 1106 2
2 1 1056 1056 1107 2
2 1 1057 1057 1108 2
2 1 1058 1058 1109 2
2 1 1059 1059 1110 2
2 1 1060 1060 1111 2
2 1 1061 1061 1112 2
2 1 1062 1062 1113 2
2 1 1063 1063 1114 2
2 1 1064 1064 1115 2
2 1 1065 1065 1116 2
2 1 1066 1066 1117 2
2 1 1067 1067 1118 2
2 1 1068 1068 1119 2
2 1 1069 1069 1120 2
2 1 1070 1070 1121 2
2 1 1071 1071 1122 2
2 1 1072 1072 1123 2
2 1 1073 1073 1124 2
2 1 1074 1074 1125 2
2 1 1075 1075 1126 2
2 1 1076 1076 1127 2
2 1 1077 1077 1128 2
2 1 1078 1078 1129 2
2 1 1079 1079 1130 2
2 1 1080 1080 1131 2
2 1 1081 1081 1132 2
2 1 1082 1082 1133 2
2 1 1083 1083 1134 2
2 1 1084 1084 1135 2
2 1 1085 1085 1136 2
2 1 1086 1086 1137 2
2 1 1087 1087 1138 2
2 1 1088 1088 1139 2
2 1 1089 1089 1140 2
2 1 1090 1090 1141 2
2 1 1091 1091 1142 2
2 1 1092 1092 1143 2
2 1 1093 1093 1144 2
2 1 1094 1094 1145 2
2 1 1095 1095 1146 2
2 1 1096 1096 1147 2
2 1 1097 1097 1148 2
2 1 1098 1098 1149 2
2 1 1099 1099 1150 2
2 1 1100 1100 1151 2
2 1 1101 1101 1152 2
2 1 1102 1102 1153 2
2 1 1103 1103 1154 2
2 1 1104 1104 1155 2
2 1 1105 1105 1156 2
2 1 1106 1106 1157 2
2 1 1107 1107 1158 2
2 1 1108 1108 1159 2
2 1 1109 1109 1160 2
2 1 1110 1110 1161 2
2 1 1111 1111 1162 2
2 1 1112 1112 1163 2
2 1 1113 1113 1164 2
2 1 1114 1114 1165 2
2 1 1115 1115 1166 2
2 1 1116 1116 1167 2
2 1 1117 1117 1168 2
2 1 1118 1118 1169 2
2 1 1119 1119 1170 2
2 1 1120 1120 1171 2
2 1 1121 1121 1172 2
2 1 1122 1122 1173 2
2 1 1123 1123 1174 2
2 1 1124 1124 1175 2
2 1 1125 1125 1176 2
2 1 1126 1126 1177 2
2 1 1127 1127 1178 2
2 1 1128 1128 1179 2
2 1 1129 1129 1180 2
2 1 1130 1130 1181 2
2 1 1131 1131 1182 2
2 1 1132 1132 1183 2
2 1 1133 1133 1184 2
2 1 1134 1134 1185 2
2 1 1135 1135 1186 2
2 1 1136 1136 1187 2
2 1 1137 1137 1188 2
2 1 1138 1138 1189 2
2 1 1139 1139 1190 2
2 1 1140 1140 1191 2
2 1 1141 1141 1192 2
2 1 1142 1142 1193 2
2 1 1143 1143 1194 2
2 1 1144 1144 1195 2
2 1 1145 1145 1196 2
2 1 1146 1146 1197 2
2 1 1147 1147 1198 2
2 1 1148 1148 1199 2
2 1 1149 1149 1200 2
2 1 1150 1150 1201 2
2 1 1151 1151 1202 2
2 1 1152 1152 1203 2
2 1 1153 1153 1204 2
2 1 1154 1154 1205 2
2 1 1155 1155 1206 2
2 1 1156 1156 1207 2
2 1 1157 1157 1208 2
2 1 1158 1158 1209 2
2 1 1159 1159 1210 2
2 1 1160 1160 1211 2
2 1 1161 1161 1212 2
2 1 1162 1162 1213 2
2 1 1163 1163 1214 2
2 1 1164 1164 1215 2
2 1 1165 1165 1216 2
2 1 1166 1166 1217 2
2 1 1167 1167 1218 2
2 1 1168 1168 1219 2
2 1 1169 1169 1220 2
2 1 1170 1170 1221 2
2 1 1171 1171 1222 2
2 1 1172 1172 1223 2
2 1 1173 1173 1224 2
2 1 1174 1174 1225 2
2 1 1175 1175 1226 2
2 1 1176 1176 1227 2
2 1 1177 1177 1228 2
2 1 1178 1178 1229 2
2 1 1179 1179 1230 2
2 1 1180 1180 1231 2
2 1 1181 1181 1232 2
2 1 1182 1182 1233 2
2 1 1183 1183 1234 2
2 1 1184 1184 1235 2
2 1 1185 1185 1236 2
2 1 1186 1186 1237 2
2 1 1187 1187 1238 2
2 1 1188 1188 1239 2
2 1 1189 1189 1240 2
2 1 1190 1190 1241 2
2 1 1191 1191 1242 2
2 1 1192 1192 1243 2
2 1 1193 1193 1244 2
2 1 1194 1194 1245 2
2 1 1195 1195 1246 2
2 1 1196 1196 1247 2
2 1 1197 1197 1248 2
2 1 1198 1198 1249 2
2 1 1199 1199 1250 2
2 1 1200 1200 1251 2
2 1 1201 1201 1252 2
2 1 1202 1202 1253 2
2 1 1203 1203 1254 2
2 1 1204 1204 1255 2
2 1 1205 1205 1256 2
2 1 1206 1206 1257 2
2 1 1207 1207 1258 2
2 1 1208 1208 1259 2
2 1 1209 1209 1260 2
2 1 1210 1210 1261 2
2 1 1211 1211 1262 2
2 1 1212 1212 1263 2
2 1 1213 1213 1264 2
2 1 1214 1214 1265 2
2 1 1215 1215 1266 2
2 1 1216 1216 1267 2
2 1 1217 1217 1268 2
2 1 1218 1218 1269 2
2 1 1219 1219 1270 2
2 1 1220 1220 1271 2
2 1 1221 1221 1272 2
2 1 1222 1222 1273 2
2 1 1223 1223 1274 2
2 1 1224 1224 1275 2
2 1 1225 1225 1276 2
2 1 1226 1226 1277 2
2 1 1227 1227 1278 2
2 1 1228 1228 1279 2
2 1 1229 1229 1280 2
2 1 1230 1230 1281 2
2 1 1231 1231 1282 2
2 1 1232 1232 1283 2
2 1 1233 1233 1284 2
2 1 1234 1234 1285 2
2 1 1235 1235 1286 2
2 1 1236 1236 1287 2
2 1 1237 1237 1288 2
2 1 1238 1238 1289 2
2 1 1239 1239 1290 2
2 1 1240 1240 1291 2
2 1 1241 1241 1292 2
2 1 1242 1242 1293 2
2 1 1243 1243 1294 2
2 1 1244 1244 1295 2
2 1 1245 1245 1296 2
2 1 1246 1246 1297 2
2 1 1247 1247 1298 2
2 1 1248 1248 1299 2
2 1 1249 1249 1300 2
2 1 1250 1250 1301 2
2 1 1251 1251 1302 2
2 1 1252 1252 1303 2
2 1 1253 1253 1304 2
2 1 1254 1254 1305 2
2 1 1255 1255 1306 2
2 1 1256 1256 1307 2
2 1 1257 1257 1308 2
2 1 1258 1258 1309 2
2 1 1259 1259 1310 2
2 1 1260 1260 1311 2
2 1 1261 1261 1312 2
2 1 1262 1262 1313 2
2 1 1263 1263 1314 2
2 1 1264 1264 1315 2
2 1 1265 1265 1316 2
2 1 1266 1266 1317 2
2 1 1267 1267 1318 2
2 1 1268 1268 1319 2
2 1 1269 1269 1320 2
2 1 1270 1270 1321 2
2 1 1271 1271 1322 2
2 1 1272 1272 1323 2
2 1 1273 1273 1324 2
2 1 1274 1274 1325 2
2 1 1275 1275 1326 2
2 1 1276 1276 1327 2
2 1 1277 1277 1328 2
2 1 1278 1278 1329 2
2 1 1279 1279 1330 2
2 1 1280 1280 1331 2
2 1 1281 1281 1332 2
2 1 1282 1282 1333 2
2 1 1283 1283 1334 2
2 1 1284 1284 1335 2
2 1 1285 1285 1336 2
2 1 1286 1286 1337 2
2 1 1287 1287 1338 2
2 1 1288 1288 1339 2
2 1 1289 1289 1340 2
2 1 1290 1290 1341 2
2 1 1291 1291 1342 2
2 1 1292 1292 1343 2
2 1 1293 1293 1344 2
2 1 1294 1294 1345 2
2 1 1295 1295 1346 2
2 1 1296 1296 1347 2
2 1 1297 1297 1348 2
2 1 1298 1298 1349 2
2 1 1299 1299 1350 2
2 1 1300 1300 1351 2
2 1 1301 1301 1352 2
2 1 1302 1302 1353 2
2 1 1303 1303 1354 2
2 1 1304 1304 1355 2
2 1 1305 1305 1356 2
2 1 1306 1306 1357 2
2 1 1307 1307 1358 2
2 1 1308 1308 1359 2
2 1 1309 1309 1360 2
2 1 1310 1310 1361 2
2 1 1311 1311 1362 2
2 1 1312 1312 1363 2
2 1 1313 1313 1364 2
2 1 1314 1314 1365 2
2 1 1315 1315 1366 2
2 1 1316 1316 1367 2
2 1 1317 1317 1368 2
2 1 1318 1318 1369 2
2 1 1319 1319 1370 2
2 1 1320 1320 1371 2
2 1 1321 1321 1372 2
2 1 1322 1322 1373 2
2 1 1323 1323 1374 2
2 1 1324 1324 1375 2
2 1 1325 1325 1376 2
2 1 1326 1326 1377 2
2 1 1327 1327 1378 2
2 1 1328 1328 1379 2
2 1 1329 1329 1380 2
2 1 1330 1330 1381 2
2 1 1331 1331 1382 2
2 1 1332 1332 1383 2
2 1 1333 1333 1384 2
2 1 1334 1334 1385 2
2 1 1335 1335 1386 2
2 1 1336 1336 1387 2
2 1 1337 1337 1388 2
2 1 1338 1338 1389 2
2 1 1339 1339 1390 2
2 1 1340 1340 1391 2
2 1 1341 1341 1392 2
2 1 1342 1342 1393 2
2 1 1343 1343 1394 2
2 1 1344 1344 1395 2
2 1 1345 1345 1396 2
2 1 1346 1346 1397 2
2 1 1347 1347 1398 2
2 1 1348 1348 1399 2
2 1 1349 1349 1400 2
2 1 1350 1350 1401 2
2 1 1351 1351 1402 2
2 1 1352 1352 1403 2
2 1 1353 1353 1404 2
2 1 1354 1354 1405 2
2 1 1355 1355 1406 2
2 1 1356 1356 1407 2
2 1 1357 1357 1408 2
2 1 1358 1358 1409 2
2 1 1359 1359 1410 2
2 1 1360 1360 1411 2
2 1 1361 1361 1412 2
2 1 1362 1362 1413 2
2 1 1363 1363 1414 2
2 1 1364 1364 1415 2
2 1 1365 1365 1416 2
2 1 1366 1366 1417 2
2 1 1367 1367 1418 2
2 1 1368 1368 1419 2
2 1 1369 1369 1420 2
2 1 1370 1370 1421 2
2 1 1371 1371 1422 2
2 1 1372 1372 1423 2
2 1 1373 1373 1424 2
2 1 1374 1374 1425 2
2 1 1375 1375 1426 2
2 1 1376 1376 1427 2
2 1 1377 1377 1428 2
2 1 1378 1378 1429 2
2 1 1379 1379 1430 2
2 1 1380 1380 1431 2
2 1 1381 1381 1432 2
2 1 1382 1382 1433 2
2 1 1383 1383 1434 2
2 1 1384 1384 1435 2
2 1 1385 1385 1436 2
2 1 1386 1386 1437 2
2 1 1387 1387 1438 2
2 1 1388 1388 1439 2
2 1 1389 1389 1440 2
2 1 1390 1390 1441 2
2 1 1391 1391 1442 2
2 1 1392 1392 1443 2
2 1 1393 1393 1444 2
2 1 1394 1394 1445 2
2 1 1395 1395 1446 2
2 1 1396 1396 1447 2
2 1 1397 1397 1448 2
2 1 1398 1398 1449 2
2 1 1399 1399 1450 2
2 1 1400 1400 1451 2
2 1 1401 1401 1452 2
2 1 1402 1402 1453 2
2 1 1403 1403 1454 2
2 1 1404 1404 1455 2
2 1 1405 1405 1456 2
2 1 1406 1406 1457 2
2 1 1407 1407 1458 2
2 1 1408 1408 1459 2
2 1 1409 1409 1460 2
2 1 1410 1410 1461 2
2 1 1411 1411 1462 2
2 1 1412 1412 1463 2
2 1 1413 1413 1464 2
2 1 1414 1414 1465 2
2 1 1415 1415 1466 2
2 1 1416 1416 1467 2
2 1 1417 1417 1468 2
2 1 1418 1418 1469 2
2 1 1419 1419 1470 2
2 1 1420 1420 1471 2
2 1 1421 1421 1472 2
2 1 1422 1422 1473 2
2 1 1423 1423 1474 2
2 1 1424 1424 1475 2
2 1 1425 1425 1476 2
2 1 1426 1426 1477 2
2 1 1427 1427 1478 2
2 1 1428 1428 1479 2
2 1 1429 1429 1480 2
2 1 1430 1430 1481 2
2 1 1431 1431 1482 2
2 1 1432 1432 1483 2
2 1 1433 1433 1484 2
2 1 1434 1434 1485 2
2 1 1435 1435 1486 2
2 1 1436 1436 1487 2
2 1 1437 1437 1488 2
2 1 1438 1438 1489 2
2 1 1439 1439 1490 2
2 1 1440 1440 1491 2
2 1 1441 1441 1492 2
2 1 1442 1442 1493 2
2 1 1443 1443 1494 2
2 1 1444 1444 1495 2
2 1 1445 1445 1496 2
2 1 1446 1446 1497 2
2 1 1447 1447 1498 2
2 1 1448 1448 1499 2
2 1 1449 1449 1500 2
2 1 1450 1450 1501 2
2 1 1451 1451 1502 2
2 1 1452 1452 1503 2
2 1 1453 1453 1504 2
2 1 1454 1454 1505 2
2 1 1455 1455 1506 2
2 1 1456 1456 1507 2
2 1 1457 1457 1508 2
2 1 1458 1458 1509 2
2 1 1459 1459 1510 2
2 1 1460 1460 1511 2
2 1 1461 1461 1512 2
2 1 1462 1462 1513 2
2 1 1463 1463 1514 2
2 1 1464 1464 1515 2
2 1 1465 1465 1516 2
2 1 1466 1466 1517 2
2 1 1467 1467 1518 2
2 1 1468 1468 1519 2
2 1 1469 1469 1520 2
2 1 1470 1470 1521 2
2 1 1471 1471 1522 2
2 1 1472 1472 1523 2
2 1 1473 1473 1524 2
2 1 1474 1474 1525 2
2 1 1475 1475 1526 2
2 1 1476 1476 1527 2
2 1 1477 1477 1528 2
2 1 1478 1478 1529 2
2 1 1479 1479 1530 2
2 1 1480 1480 1531 2
2 1 1481 1481 1532 2
2 1 1482 1482 1533 2
2 1 1483 1483 1534 2
2 1 1484 1484 1535 2
2 1 1485 1485 1536 2
2 1 1486 1486 1537 2
2 1 1487 1487 1538 2
2 1 1488 1488 1539 2
2 1 1489 1489 1540 2
2 1 1490 1490 1541 2
2 1 1491 1491 1542 2
2 1 1492 1492 1543 2
2 1 1493 1493 1544 2
2 1 1494 1494 1545 2
2 1 1495 1495 1546 2
2 1 1496 1496 1547 2
2 1 1497 1497 1548 2
2 1 1498 1498 1549 2
2 1 1499 1499 1550 2
2 1 1500 1500 1551 2
2 1 1501 1501 1552 2
2 1 1502 1502 1553 2
2 1 1503 1503 1554 2
2 1 1504 1504 1555 2
2 1 1505 1505 1556 2
2 1 1506 1506 1557 2
2 1 1507 1507 1558 2
2 1 1508 1508 1559 2
2 1 1509 1509 1560 2
2 1 1510 1510 1561 2
2 1 1511 1511 1562 2
2 1 1512 1512 1563 2
2 1 1513 1513 1564 2
2 1 1514 1514 1565 2
2 1 1515 1515 1566 2
2 1 1516 1516 1567 2
2 1 1517 1517 1568 2
2 1 1518 1518 1569 2
2 1 1519 1519 1570 2
2 1 1520 1520 1571 2
2 1 1521 1521 1572 2
2 1 1522 1522 1573 2
2 1 1523 1523 1574 2
2 1 1524 1524 1575 2
2 1 1525 1525 1576 2
2 1 1526 1526 1577 2
2 1 1527 1527 1578 2
2 1 1528 1528 1579 2
2 1 1529 1529 1580 2
2 1 1530 1530 1581 2
2 1 1531 1531 1582 2
2 1 1532 1532 1583 2
2 1 1533 1533 1584 2
2 1 1534 1534 1585 2
2 1 1535 1535 1586 2
2 1 1536 1536 1587 2
2 1 1537 1537 1588 2
2 1 1538 1538 1589 2
2 1 1539 1539 1590 2
2 1 1540 1540 1591 2
2 1 1541 1541 1592 2
2 1 1542 1542 1593 2
2 1 1543 1543 1594 2
2 1 1544 1544 1595 2
2 1 1545 1545 1596 2
2 1 1546 1546 1597 2
2 1 1547 1547 1598 2
2 1 1548 1548 1599 2
2 1 1549 1549 1600 2
2 1 1550 1550 1601 2
2 1 1551 1551 1602 2
2 1 1552 1552 1603 2
2 1 1553 1553 1604 2
2 1 1554 1554 1605 2
2 1 1555 1555 1606 2
2 1 1556 1556 1607 2
2 1 1557 1557 1608 2
2 1 1558 1558 1609 2
2 1 1559 1559 1610 2
2 1 1560 1560 1611 2
2 1 1561 1561 1612 2
2 1 1562 1562 1613 2
2 1 1563 1563 1614 2
2 1 1564 1564 1615 2
2 1 1565 1565 1616 2
2 1 1566 1566 1617 2
2 1 1567 1567 1618 2
2 1 1568 1568 1619 2
2 1 1569 1569 1620 2
2 1 1570 1570 1621 2
2 1 1571 1571 1622 2
2 1 1572 1572 1623 2
2 1 1573 1573 1624 2
2 1 1574 1574 1625 2
2 1 1575 1575 1626 2
2 1 1576 1576 1627 2
2 1 1577 1577 1628 2
2 1 1578 1578 1629 2
2 1 1579 1579 1630 2
2 1 1580 1580 1631 2
2 1 1581 1581 1632 2
2 1 1582 1582 1633 2
2 1 1583 1583 1634 2
2 1 1584 1584 1635 2
2 1 1585 1585 1636 2
2 1 1586 1586 1637 2
2 1 1587 1587 1638 2
2 1 1588 1588 1639 2
2 1 1589 1589 1640 2
2 1 1590 1590 1641 2
2 1 1591 1591 1642 2
2 1 1592 1592 1643 2
2 1 1593 1593 1644 2
2 1 1594 1594 1645 2
2 1 1595 1595 1646 2
2 1 1596 1596 1647 2
2 1 1597 1597 1648 2
2 1 1598 1598 1649 2
2 1 1599 1599 1650 2
2 1 1600 1600 1651 2
2 1 1601 1601 1652 2
2 1 1602 1602 1653 2
2 1 1603 1603 1654 2
2 1 1604 1604 1655 2
2 1 1605 1605 1656 2
2 1 1606 1606 1657 2
2 1 1607 1607 1658 2
2 1 1608 1608 1659 2
2 1 1609 1609 1660 2
2 1 1610 1610 1661 2
2 1 1611 1611 1662 2
2 1 1612 1612 1663 2
2 1 1613 1613 1664 2
2 1 1614 1614 1665 2
2 1 1615 1615 1666 2
2 1 1616 1616 1667 2
2 1 1617 1617 1668 2
2 1 1618 1618 1669 2
2 1 1619 1619 1670 2
2 1 1620 1620 1671 2
2 1 1621 1621 1672 2
2 1 1622 1622 1673 2
2 1 1623 1623 1674 2
2 1 1624 1624 1675 2
2 1 1625 1625 1676 2
2 1 1626 1626 1677 2
2 1 1627 1627 1678 2
2 1 1628 1628 1679 2
2 1 1629 1629 1680 2
2 1 1630 1630 1681 2
2 1 1631 1631 1682 2
2 1 1632 1632 1683 2
2 1 1633 1633 1684 2
2 1 1634 1634 1685 2
2 1 1635 1635 1686 2
2 1 1636 1636 1687 2
2 1 1637 1637 1688 2
2 1 1638 1638 1689 2
2 1 1639 1639 1690 2
2 1 1640 1640 1691 2
2 1 1641 1641 1692 2
2 1 1642 1642 1693 2
2 1 1643 1643 1694 2
2 1 1644 1644 1695 2
2 1 1645 1645 1696 2
2 1 1646 1646 1697 2
2 1 1647 1647 1698 2
2 1 1648 1648 1699 2
2 1 1649 1649 1700 2
2 1 1650 1650 1701 2
2 1 1651 1651 1702 2
2 1 1652 1652 1703 2
2 1 1653 1653 1704 2
2 1 1654 1654 1705 2
2 1 1655 1655 1706 2
2 1 1656 1656 1707 2
2 1 1657 1657 1708 2
2 1 1658 1658 1709 2
2 1 1659 1659 1710 2
2 1 1660 1660 1711 2
2 1 1661 1661 1712 2
2 1 1662 1662 1713 2
2 1 1663 1663 1714 2
2 1 1664 1664 1715 2
2 1 1665 1665 1716 2
2 1 1666 1666 1717 2
2 1 1667 1667 1718 2
2 1 1668 1668 1719 2
2 1 1669 1669 1720 2
2 1 1670 1670 1721 2
2 1 1671 1671 1722 2
2 1 1672 1672 1723 2
2 1 1673 1673 1724 2
2 1 1674 1674 1725 2
2 1 1675 1675 1726 2
2 1 1676 1676 1727 2
2 1 1677 1677 1728 2
2 1 1678 1678 1729 2
2 1 1679 1679 1730 2
2 1 1680 1680 1731 2
2 1 1681 1681 1732 2
2 1 1682 1682 1733 2
2 1 1683 1683 1734 2
2 1 1684 1684 1735 2
2 1 1685 1685 1736 2
2 1 1686 1686 1737 2
2 1 1687 1687 1738 2
2 1 1688 1688 1739 2
2 1 1689 1689 1740 2
2 1 1690 1690 1741 2
2 1 1691 1691 1742 2
2 1 1692 1692 1743 2
2 1 1693 1693 1744 2
2 1 1694 1694 1745 2
2 1 1695 1695 1746 2
2 1 1696 1696 1747 2
2 1 1697 1697 1748 2
2 1 1698 1698 1749 2
2 1 1699 1699 1750 2
2 1 1700 1700 1751 2
2 1 1701 1701 1752 2
2 1 1702 1702 1753 2
2 1 1703 1703 1754 2
2 1 1704 1704 1755 2
2 1 1705 1705 1756 2
2 1 1706 1706 1757 2
2 1 1707 1707 1758 2
2 1 1708 1708 1759 2
2 1 1709 1709 1760 2
2 1 1710 1710 1761 2
2 1 1711 1711 1762 2
2 1 1712 1712 1763 2
2 1 1713 1713 1764 2
2 1 1714 1714 1765 2
2 1 1715 1715 1766 2
2 1 1716 1716 1767 2
2 1 1717 1717 1768 2
2 1 1718 1718 1769 2
2 1 1719 1719 1770 2
2 1 1720 1720 1771 2
2 1 1721 1721 1772 2
2 1 1722 1722 1773 2
2 1 1723 1723 1774 2
2 1 1724 1724 1775 2
2 1 1725 1725 1776 2
2 1 1726 1726 1777 2
2 1 1727 1727 1778 2
2 1 1728 1728 1779 2
2 1 1729 1729 1780 2
2 1 1730 1730 1781 2
2 1 1731 1731 1782 2
2 1 1732 1732 1783 2
2 1 1733 1733 1784 2
2 1 1734 1734 1785 2
2 1 1735 1735 1786 2
2 1 1736 1736 1787 2
2 1 1737 1737 1788 2
2 1 1738 1738 1789 2
2 1 1739 1739 1790 2
2 1 1740 1740 1791 2
2 1 1741 1741 1792 2
2 1 1742 1742 1793 2
2 1 1743 1743 1794 2
2 1 1744 1744 1795 2
2 1 1745 1745 1796 2
2 1 1746 1746 1797 2
2 1 1747 1747 1798 2
2 1 1748 1748 1799 2
2 1 1749 1749 1800 2
2 1 1750 1750 1801 2
2 1 1751 1751 1802 2
2 1 1752 1752 1803 2
2 1 1753 1753 1804 2
2 1 1754 1754 1805 2
2 1 1755 1755 1806 2
2 1 1756 1756 1807 2
2 1 1757 1757 1808 2
2 1 1758 1758 1809 2
2 1 1759 1759 1810 2
2 1 1760 1760 1811 2
2 1 1761 1761 1812 2
2 1 1762 1762 1813 2
2 1 1763 1763 1814 2
2 1 1764 1764 1815 2
2 1 1765 1765 1816 2
2 1 1766 1766 1817 2
2 1 1767 1767 1818 2
2 1 1768 1768 1819 2
2 1 1769 1769 1820 2
2 1 1770 1770 1821 2
2 1 1771 1771 1822 2
2 1 1772 1772 1823 2
2 1 1773 1773 1824 2
2 1 1774 1774 1825 2
2 1 1775 1775 1826 2
2 1 1776 1776 1827 2
2 1 1777 1777 1828 2
2 1 1778 1778 1829 2
2 1 1779 1779 1830 2
2 1 1780 1780 1831 2
2 1 1781 1781 1832 2
2 1 1782 1782 1833 2
2 1 1783 1783 1834 2
2 1 1784 1784 1835 2
2 1 1785 1785 1836 2
2 1 1786 1786 1837 2
2 1 1787 1787 1838 2
2 1 1788 1788 1839 2
2 1 1789 1789 1840 2
2 1 1790 1790 1841 2
2 1 1791 1791 1842 2
2 1 1792 1792 1843 2
2 1 1793 1793 1844 2
2 1 1794 1794 1845 2
2 1 1795 1795 1846 2
2 1 1796 1796 1847 2
2 1 1797 1797 1848 2
2 1 1798 1798 1849 2
2 1 1799 1799 1850 2
2 1 1800 1800 1851 2
2 1 1801 1801 1852 2
2 1 1802 1802 1853 2
2 1 1803 1803 1854 2
2 1 1804 1804 1855 2
2 1 1805 1805 1856 2
2 1 1806 1806 1857 2
2 1 1807 1807 1858 2
2 1 1808 1808 1859 2
2 1 1809 1809 1860 2
2 1 1810 1810 1861 2
2 1 1811 1811 1862 2
2 1 1812 1812 1863 2
2 1 1813 1813 1864 2
2 1 1814 1814 1865 2
2 1 1815 1815 1866 2
2 1 1816 1816 1867 2
2 1 1817 1817 1868 2
2 1 1818 1818 1869 2
2 1 1819 1819 1870 2
2 1 1820 1820 1871 2
2 1 1821 1821 1872 2
2 1 1822 1822 1873 2
2 1 1823 1823 1874 2
2 1 1824 1824 1875 2
2 1 1825 1825 1876 2
2 1 1826 1826 1877 2
2 1 1827 1827 1878 2
2 1 1828 1828 1879 2
2 1 1829 1829 1880 2
2 1 1830 1830 1881 2
2 1 1831 1831 1882 2
2 1 1832 1832 1883 2
2 1 1833 1833 1884 2
2 1 1834 1834 1885 2
2 1 1835 1835 1886 2
2 1 1836 1836 1887 2
2 1 1837 1837 1888 2
2 1 1838 1838 1889 2
2 1 1839 1839 1890 2
2 1 1840 1840 1891 2
2 1 1841 1841 1892 2
2 1 1842 1842 1893 2
2 1 1843 1843 1894 2
2 1 1844 1844 1895 2
2 1 1845 1845 1896 2
2 1 1846 1846 1897 2
2 1 1847 1847 1898 2
2 1 1848 1848 1899 2
2 1 1849 1849 1900 2
2 1 1850 1850 1901 2
2 1 1851 1851 1902 2
2 1 1852 1852 1903 2
2 1 1853 1853 1904 2
2 1 1854 1854 1905 2
2 1 1855 1855 1906 2
2 1 1856 1856 1907 2
2 1 1857 1857 1908 2
2 1 1858 1858 1909 2
2 1 1859 1859 1910 2
2 1 1860 1860 1911 2
2 1 1861 1861 1912 2
2 1 1862 1862 1913 2
2 1 1863 1863 1914 2
2 1 1864 1864 1915 2
2 1 1865 1865 1916 2
2 1 1866 1866 1917 2
2 1 1867 1867 1918 2
2 1 1868 1868 1919 2
2 1 1869 1869 1920 2
2 1 1870 1870 1921 2
2 1 1871 1871 1922 2
2 1 1872 1872 1923 2
2 1 1873 1873 1924 2
2 1 1874 1874 1925 2
2 1 1875 1875 1926 2
2 1 1876 1876 1927 2
2 1 1877 1877 1928 2
2 1 1878 1878 1929 2
2 1 1879 1879 1930 2
2 1 1880 1880 1931 2
2 1 1881 1881 1932 2
2 1 1882 1882 1933 2
2 1 1883 1883 1934 2
2 1 1884 1884 1935 2
2 1 1885 1885 1936 2
2 1 1886 1886 1937 2
2 1 1887 1887 1938 2
2 1 1888 1888 1939 2
2 1 1889 1889 1940 2
2 1 1890 1890 1941 2
2 1 1891 1891 1942 2
2 1 1892 1892 1943 2
2 1 1893 1893 1944 2
2 1 1894 1894 1945 2
2 1 1895 1895 1946 2
2 1 1896 1896 1947 2
2 1 1897 1897 1948 2
2 1 1898 1898 1949 2
2 1 1899 1899 1950 2
2 1 1900 1900 1951 2
2 1 1901 1901 1952 2
2 1 1902 1902 1953 2
2 1 1903 1903 1954 2
2 1 1904 1904 1955 2
2 1 1905 1905 1956 2
2 1 1906 1906 1957 2
2 1 1907 1907 1958 2
2 1 1908 1908 1959 2
2 1 1909 1909 1960 2
2 1 1910 1910 1961 2
2 1 1911 1911 1962 2
2 1 1912 1912 1963 2
2 1 1913 1913 1964 2
2 1 1914 1914 1965 2
2 1 1915 1915 1966 2
2 1 1916 1916 1967 2
2 1 1917 1917 1968 2
2 1 1918 1918 1969 2
2 1 1919 1919 1970 2
2 1 1920 1920 1971 2
2 1 1921 1921 1972 2
2 1 1922 1922 1973 2
2 1 1923 1923 1974 2
2 1 1924 1924 1975 2
2 1 1925 1925 1976 2
2 1 1926 1926 1977 2
2 1 1927 1927 1978 2
2 1 1928 1928 1979 2
2 1 1929 1929 1980 2
2 1 1930 1930 1981 2
2 1 1931 1931 1982 2
2 1 1932 1932 1983 2
2 1 1933 1933 1984 2
2 1 1934 1934 1985 2
2 1 1935 1935 1986 2
2 1 1936 1936 1987 2
2 1 1937 1937 1988 2
2 1 1938 1938 1989 2
2 1 1939 1939 1990 2
2 1 1940 1940 1991 2
2 1 1941 1941 1992 2
2 1 1942 1942 1993 2
2 1 1943 1943 1994 2
2 1 1944 1944 1995 2
2 1 1945 1945 1996 2
2 1 1946 1946 1997 2
2 1 1947 1947 1998 2
